1.389039083487964487e-03
2.818952571001186458e-01
3.243591691413730965e-02
2.376227309214259259e-02
7.330716784839676897e-03
1.017499012142552978e-01
2.258977982108728924e-02
1.847499292014245526e-03
2.453401114802920488e-02
5.626131285994300651e-02
1.106192157879335673e-03
1.044954793379210545e-01
1.616982943321541508e-02
8.673334118255490027e-03
4.050001417848720156e-04
5.534311714120744297e-01
2.319929535013829092e-01
1.497340493718996891e-04
3.284581740711316894e-02
2.790393014500485575e-02
4.379054984559416219e-02
7.379828963123850807e-04
4.560506964072848224e-03
1.191848891754073575e-02
1.979095653774625430e-01
2.128310320830542335e-01
3.092727936097294794e-01
4.996728389740009435e-01
8.931179763414526240e-02
1.841036185429214753e-02
5.891108445538954796e-02
9.314028242299119409e-01
9.079355007374240172e-01
1.194785676873040825e-01
2.251885961466496694e-02
1.921156409821146455e-03
9.312826310835757918e-03
6.097071029512371627e-03
8.162835135103574391e-03
1.839839913882404532e-01
2.947610805607798687e-02
1.576021450927706131e-03
8.307717290204846838e-02
5.938896342537738210e-02
4.045821366268105047e-03
2.714963661638079007e-01
1.788440720856873667e-01
1.409155368720921286e-02
2.451517639004118778e-04
1.864694753612408315e-02
9.845970086688689005e-01
9.890184471334499960e-01
9.966840012913055213e-01
5.910903594555895202e-01
7.360549443788585444e-01
4.911633572971009776e-01
6.628844764069646844e-02
5.645606143335648586e-01
9.935499948250389179e-01
9.990563338120792558e-01
7.669727738203205858e-01
9.985546441811447016e-01
9.451452531223438758e-01
8.725422677633564161e-01
2.211521540986111090e-01
9.945223233894571191e-01
9.207034631347486009e-01
9.976427093330779705e-01
9.944290628932338505e-01
4.136531674563809213e-01
9.896730925141399293e-01
9.966307960970928193e-01
9.998174939972213071e-01
9.879182548929932306e-01
7.603031111640579098e-01
7.588342009021610268e-01
9.958015932716283158e-01
9.902309114940843759e-01
9.603031604763504481e-01
9.288816574929288361e-01
2.305914245278080643e-01
9.659375634814734157e-01
6.899912808457960844e-01
8.971997522977800399e-01
9.991935920036971730e-01
9.941031306584648952e-01
9.434825395396219117e-01
9.944356845650603738e-01
9.903419466650986713e-01
7.271750563292505021e-01
9.390630987091898030e-01
9.422499870502343278e-01
4.358022684932355562e-01
9.994414330260615875e-01
9.428056402262001701e-01
8.892543361478926212e-01
9.866845306998315301e-01
9.953304058171759117e-01
9.996181427275175890e-01
9.361810422362768502e-01
