3.938609989030050773e-02
4.613458244342870107e-01
6.475873105332657920e-01
1.280154953899599324e-01
1.592501616913200024e-02
3.229528425828075665e-03
7.269857743003080437e-15
5.872685135157147407e-01
1.443865357409495898e-01
2.370701691263134205e-03
5.199289810611447057e-03
1.539927270520872193e-01
4.773980751835259890e-04
2.527491611595751864e-01
7.970005106486546337e-06
6.084105253578570016e-02
1.586050964343884984e-01
6.518677507421180017e-01
2.522750005249734251e-01
3.156156108109006014e-02
1.089458152006918777e-02
4.251999924175160067e-02
6.201562231398282110e-01
5.643800402647664027e-01
9.942548119913513505e-02
1.892709284792395419e-01
9.817981735358697910e-04
3.011718490573871837e-02
2.827713156260351288e-02
1.684824863180705012e-01
2.408401426655660052e-02
2.070420152091184129e-01
5.217642313896667799e-02
1.534563880211699538e-01
8.012471731949417919e-02
3.537059131189800865e-01
5.136865373514153121e-02
9.625965223150061423e-01
3.853052085680621075e-01
9.899165945955021306e-02
1.810561500062995155e-01
9.361403102626559836e-01
2.323094757356679863e-01
1.150234724347095616e-01
1.402179781249202942e-06
6.023398614010725544e-02
4.430522747129154726e-01
7.261543115033358697e-02
6.244955894535551832e-02
6.339798381179021503e-01
8.151052316929214836e-01
5.212203042938307052e-01
6.093955745152446202e-01
9.123106778578097265e-01
7.753835359094353175e-01
9.936437206733105265e-01
5.960873428339885649e-01
5.595033267592542936e-01
8.839620040726153816e-01
9.116196983370987716e-01
9.608198948781031534e-01
8.729839421405961586e-01
3.449796579247101924e-01
9.898902483326975643e-01
9.340265458732143200e-01
9.721733133941973248e-01
9.450097173796168093e-01
7.609733494718807778e-01
7.978392297320470172e-01
9.401271730298719209e-01
9.951462271362215839e-01
6.898428803244737173e-01
9.066048749933862672e-01
8.695413263490273659e-01
9.465455781866927154e-01
9.367789580203769173e-01
9.904965309197386603e-01
9.249074738794985651e-01
9.892668178647654464e-01
6.020910511047096181e-01
3.051019135645740565e-01
9.945481539838569862e-01
8.998880667096167407e-01
9.863643846197657217e-01
8.995532349015503693e-01
9.648620209999131392e-01
9.685808286408699175e-01
9.120880737712194763e-01
9.344011698105916253e-01
8.656117566187280232e-01
5.936259614645198468e-01
8.215471014935287197e-01
7.898256642855389087e-01
8.227683003338004397e-01
9.201598676863967929e-01
9.409684235661420759e-01
9.639873726107417440e-01
9.242372987041385102e-01
9.456101231209029789e-01
8.272666270397941446e-01
