1.200549000000000000e+07
2.830559000000000000e+06
2.053068600000000000e+07
1.606582000000000000e+06
4.786350000000000000e+05
5.704647000000000000e+06
6.889610000000000000e+05
4.824560000000000000e+05
1.908240000000000000e+06
1.133690000000000000e+05
4.192339000000000000e+06
4.966040000000000000e+05
4.190597000000000000e+06
1.848028000000000000e+06
1.463990000000000000e+05
1.168252000000000000e+06
1.590069000000000000e+06
3.150940000000000000e+06
4.079570000000000000e+05
1.231460000000000000e+05
2.118398000000000000e+06
1.182390000000000000e+05
1.183776000000000000e+06
4.788013000000000000e+06
5.789530000000000000e+05
9.576620000000000000e+06
4.096800000000000000e+05
1.099451000000000000e+06
1.744695000000000000e+06
1.470802000000000000e+06
4.952020000000000000e+05
3.469471000000000000e+06
5.676476000000000000e+06
2.496667800000000000e+07
4.651900000000000000e+05
1.463069000000000000e+07
7.776500000000000000e+05
1.288953000000000000e+06
4.543500000000000000e+05
1.017529800000000000e+07
2.685114000000000000e+06
7.236424000000000000e+06
4.601960000000000000e+05
2.037470000000000000e+05
3.453315000000000000e+06
1.084916600000000000e+07
6.564045000000000000e+06
3.445840000000000000e+05
9.953700000000000000e+05
1.477905000000000000e+06
1.528097000000000000e+06
2.279680000000000000e+05
4.057461000000000000e+06
2.185650000000000000e+05
2.127833000000000000e+06
3.524430000000000000e+05
5.847348000000000000e+06
4.575016000000000000e+06
2.960211000000000000e+06
6.967050000000000000e+05
1.098467900000000000e+07
4.080308000000000000e+06
3.986029000000000000e+06
3.188780000000000000e+05
3.458110000000000000e+05
2.808466000000000000e+06
3.830260000000000000e+05
1.382967500000000000e+07
6.571030000000000000e+05
9.053360000000000000e+05
2.675970000000000000e+05
2.525930000000000000e+05
3.449410000000000000e+05
1.607144000000000000e+06
7.998760000000000000e+05
1.960570000000000000e+06
8.546340000000000000e+05
1.070555100000000000e+07
1.948063000000000000e+06
3.754544000000000000e+06
2.220053000000000000e+06
7.460740000000000000e+06
4.392685000000000000e+06
8.100025000000000000e+06
3.010180000000000000e+06
3.101760000000000000e+05
4.325070000000000000e+05
9.321490000000000000e+05
4.434920000000000000e+05
1.482764000000000000e+06
8.789970000000000000e+05
2.237796000000000000e+06
2.913782000000000000e+06
2.158090000000000000e+05
2.969850000000000000e+05
1.970400000000000000e+05
4.728385000000000000e+06
1.979981000000000000e+06
1.152849000000000000e+06
5.435050000000000000e+05
1.659817000000000000e+06
3.155990000000000000e+05
3.472270000000000000e+05
5.756430000000000000e+06
6.790644000000000000e+06
1.080370000000000000e+06
2.615311000000000000e+06
2.730523000000000000e+06
2.601930000000000000e+05
6.459180000000000000e+05
6.699000000000000000e+06
3.389480000000000000e+05
8.309521000000000000e+06
3.907831000000000000e+06
1.556020000000000000e+06
7.607390000000000000e+05
5.325450000000000000e+05
2.419891000000000000e+06
3.747799000000000000e+06
1.439119000000000000e+06
8.534532000000000000e+06
1.468247000000000000e+06
3.825300000000000000e+06
1.700260000000000000e+05
7.238190000000000000e+05
3.115961000000000000e+06
2.617570000000000000e+05
7.606773000000000000e+06
1.574161000000000000e+06
1.604329000000000000e+06
7.581100000000000000e+05
9.451309000000000000e+06
1.160382900000000000e+07
1.817180000000000000e+05
1.530420000000000000e+05
7.232270000000000000e+05
1.108085300000000000e+07
1.406120000000000000e+05
2.084650000000000000e+05
4.757210000000000000e+05
4.300757000000000000e+06
2.674236000000000000e+06
2.653340000000000000e+05
3.634990000000000000e+05
5.174118000000000000e+06
1.337480000000000000e+05
2.413360000000000000e+05
3.474387000000000000e+06
1.905610000000000000e+05
1.563560000000000000e+05
3.702510000000000000e+05
1.343100000000000000e+05
2.401050000000000000e+05
1.259925000000000000e+06
8.209025000000000000e+06
7.418360000000000000e+05
9.062187000000000000e+06
5.473714000000000000e+06
3.092602000000000000e+06
1.036069000000000000e+07
1.974615000000000000e+06
1.461142200000000000e+07
5.369770000000000000e+06
5.574500000000000000e+05
1.031526000000000000e+06
1.835622700000000000e+07
6.598300000000000000e+04
2.303339000000000000e+06
1.118905000000000000e+06
4.045462000000000000e+06
1.157269000000000000e+06
1.377437000000000000e+06
3.982184000000000000e+06
1.278508000000000000e+06
5.428619000000000000e+06
5.490393000000000000e+06
1.506793600000000000e+07
4.159470000000000000e+05
5.511200000000000000e+05
2.270665000000000000e+06
2.109034000000000000e+06
1.902560000000000000e+05
3.337589000000000000e+06
1.027748000000000000e+06
8.822209000000000000e+06
3.704520000000000000e+05
3.313771400000000000e+07
5.372810000000000000e+05
2.769924500000000000e+07
1.133328000000000000e+06
2.084675000000000000e+06
3.286900000000000000e+06
3.829190000000000000e+05
1.150924000000000000e+06
6.972510000000000000e+05
5.107220000000000000e+05
9.407902000000000000e+06
3.055720000000000000e+05
4.350297000000000000e+06
3.139590000000000000e+05
6.134000000000000000e+05
2.071481100000000000e+07
4.362523000000000000e+06
7.369200000000000000e+04
1.566882000000000000e+07
4.429170000000000000e+05
1.968793300000000000e+07
5.697264000000000000e+06
1.225836000000000000e+06
1.558588300000000000e+07
1.821058000000000000e+06
1.797548000000000000e+06
1.044095000000000000e+06
4.722580000000000000e+05
1.787730000000000000e+05
8.154100000000000000e+05
1.519389700000000000e+07
3.139922000000000000e+06
1.958950000000000000e+05
1.226698000000000000e+06
8.752521000000000000e+06
8.847749000000000000e+06
5.683670000000000000e+05
3.348150000000000000e+05
9.109945000000000000e+06
1.806170000000000000e+05
4.498518000000000000e+06
2.720550000000000000e+05
2.253429000000000000e+06
1.806803000000000000e+06
1.116620000000000000e+05
1.322930000000000000e+05
2.600121000000000000e+06
6.821615000000000000e+06
5.022450000000000000e+06
1.636199200000000000e+07
3.604230000000000000e+05
1.368140000000000000e+06
2.579940000000000000e+05
5.624800000000000000e+05
3.173560000000000000e+05
9.583830000000000000e+05
2.181415000000000000e+06
6.549160000000000000e+05
1.331352400000000000e+07
5.726420000000000000e+06
1.160330000000000000e+07
1.426240000000000000e+05
4.015280000000000000e+05
3.277766000000000000e+06
