8.474023750231425567e-02
4.331907101775079871e-01
2.300569905114886737e-01
6.397622329455583678e-02
4.268604590069614568e-01
1.804906222925136694e-01
9.992316539681598275e-01
1.846212304026921269e-01
4.724724749326619788e-02
3.048410903761517576e-01
8.030913841346466464e-01
6.578476786467307713e-02
2.563473996681530087e-01
1.808510156730647744e-01
9.245971567498506571e-01
6.281385980955872528e-02
2.214088479332094739e-01
3.280048770073134556e-01
7.859501476048522672e-01
1.800021065357378935e-01
2.483600137989303014e-01
4.653865950090498721e-02
2.072543706816214748e-01
3.846624622308191799e-01
1.195109431212543760e-01
3.141307883535756074e-01
3.948796186719161216e-01
3.655262675093240432e-02
3.285305566260587201e-02
1.305670120307269311e-01
4.870703715454446220e-02
8.629901062692325875e-02
4.249041663846479799e-02
2.362620750910117140e-01
7.402335930873594760e-01
3.767916838687905834e-01
7.560991536359777665e-02
5.089602739426410949e-01
1.084937320287715362e-01
5.081445774223815326e-02
2.487842216319715860e-01
4.655135110669419429e-01
8.430630109587108900e-02
9.946349303724813518e-02
8.908682162940003701e-01
4.483457727011941341e-02
1.764096604970439019e-01
8.896150241960611160e-02
7.338704298986274688e-02
2.602521532133503790e-01
9.993828860819010673e-01
2.050370541782225997e-01
9.989851769938170589e-01
4.198582214073963703e-01
8.175650813010411078e-01
8.969132461862653338e-01
6.756420188885536859e-01
5.674634680958758892e-01
6.348908380291631293e-01
9.322341038351724674e-01
8.174894744751975972e-01
8.169898917377839132e-01
1.858923493066435562e-01
8.791528534520735016e-01
9.508085265828652988e-01
6.698708486251454541e-01
8.144569691888309260e-01
9.966275021723540739e-01
3.922371221508602068e-01
9.326735534701657837e-01
9.729062018309576620e-01
3.221493559661890993e-01
6.282786873665398009e-01
4.435850917896445589e-01
7.902435432000565196e-01
9.853838878028706727e-01
7.370290922727928962e-01
4.942911025808400804e-01
9.763100735272600694e-01
2.607471756345942082e-01
1.645126976277911102e-01
9.996682952192519345e-01
9.536691726784194412e-01
9.262556303004252367e-01
5.212682954721717943e-01
8.653689910581442435e-01
7.997745772724564883e-01
6.467067215195331231e-01
7.425415720830605970e-01
9.998089871948732110e-01
2.462344014018156835e-01
6.901351918960947351e-01
6.689651504941693805e-01
7.740118891436428283e-01
8.157383874850414607e-01
5.444353271652564441e-01
5.382150010986018751e-01
7.141112483284205448e-01
9.958692879820795207e-01
4.266227400952811721e-01
