1.861047830655766511e-01
1.230932897575027218e-01
1.218097062375768230e-01
1.238737784932566061e-01
9.448269759650954613e-01
9.157873823346232012e-01
3.102084800485258587e-01
9.574806108997744800e-03
2.286006675256664622e-01
1.903920721929604765e-01
1.708503770655766807e-01
1.214248415082061633e-01
8.254734656219074873e-01
9.272028888841095384e-02
8.505970568786503927e-01
4.045842130963639427e-02
2.925007936353353211e-01
1.521542224657875531e-01
2.718319821238099898e-01
6.350598904865351058e-02
1.461452923190640629e-01
2.220487441982451626e-01
1.227656960924476959e-01
4.521536121723667562e-02
2.223483119920459383e-01
2.233455914136800446e-01
3.791310668528003469e-01
9.899158569884841663e-02
9.939326309905024970e-02
1.160649244649837042e-01
4.126605679590951703e-01
5.830988597654135352e-01
7.093557913554694727e-02
1.859945415001547364e-01
7.474674584873197691e-02
2.909881455923963300e-01
3.646678396528789667e-01
2.817769961302371562e-01
1.048543746701081497e-01
1.853263910586761334e-02
2.295696815490904097e-01
6.891270947589489548e-02
2.039512545177061265e-01
3.164133155324563296e-01
9.002476196187399193e-02
2.247337791797461015e-01
2.571748745699367067e-01
3.752453661069661550e-02
1.421358046147637999e-01
1.579225738830297432e-01
9.309778150140540776e-01
7.349177809028617503e-01
7.822619902297268668e-01
8.582301429637875234e-01
5.862231914184148351e-01
8.440580227204508290e-01
9.087599829120631689e-01
6.668457263106515320e-01
6.500503038563554270e-01
9.559639937628596762e-01
8.952430964500182053e-01
4.230439209166718673e-01
9.769285285393871643e-01
6.745437537861108668e-01
5.099141885376150540e-01
9.790824769070523015e-01
9.517951128618895584e-01
8.114961222920010764e-01
9.012256224414907368e-01
4.221220255969543311e-01
6.246473419748658218e-01
4.784748936150257648e-01
3.515879498703604611e-01
9.844866847215258954e-01
2.585242107776061782e-01
8.455739500444955370e-01
8.233727437014145556e-01
7.239753933624857307e-01
8.479959605717425630e-02
7.622471209729766439e-01
7.525379496167577953e-01
8.893441155318508873e-01
8.921532356234909145e-01
9.619238369048281889e-01
7.655568719724351601e-01
9.541478226811811458e-01
9.954763247252580438e-01
4.099920704169661145e-01
9.805744287252772251e-01
8.966209786979124630e-01
7.343840726264719843e-01
4.907740781629548743e-01
5.641380878089286011e-01
8.599042351373582527e-01
2.201231832585034409e-01
9.470441996648985006e-01
8.900704926727062150e-01
6.724186894757001598e-01
8.263064272203133331e-01
9.784145531780652494e-01
