6.045082498635293011e-02
9.043100025287114513e-03
8.165391169025671206e-03
1.336942826519292409e-02
1.361974028074350654e-02
2.868709583849821110e-02
1.576674075055275667e-02
1.013175682556878695e-03
2.450478532408847943e-02
5.272714819681265097e-03
1.037229419190625543e-02
1.114217020223476004e-02
1.383205625200798622e-02
1.408953918085653276e-02
4.601542320649738664e-03
8.418577412830330342e-02
4.095862709836039367e-03
8.278559534991099603e-03
2.031611413548697204e-02
2.946139536238696639e-03
3.103039148671722213e-03
2.675843113433963583e-02
1.577835399728357360e-02
2.105925782214668543e-02
1.610312897543088925e-03
1.963456872381572939e-03
6.801605072834742208e-03
4.613538594323543518e-02
3.981421524122567140e-03
1.047585192421146283e-01
1.743466866253351455e-02
3.838171985073405255e-03
1.685263033419163049e-03
4.554105052576878747e-03
3.907627863778741217e-02
1.433097027795602815e-02
3.906744415720865560e-02
5.237680217997753990e-02
5.369979034434137384e-03
5.538884122623191977e-03
1.429608725712892998e-02
6.140017269266152995e-03
2.574393013353271954e-03
2.118520969345159127e-02
1.342873257499717886e-02
2.163134199657559473e-02
3.846019145105690918e-03
1.384960639834721847e-03
9.965027924622799765e-03
1.952545687403928754e-01
1.273312316433392218e-02
2.429470409716329507e-02
6.033195584023823971e-03
2.378227376552687761e-02
1.428263873798194319e-02
1.855242426934602474e-03
1.469768684490974260e-02
1.142034159679319698e-02
1.997995013742289924e-02
1.164706974829461499e-02
6.411369749171239897e-03
4.681786624710129394e-03
1.106734809266898961e-01
2.184561156462172249e-01
1.329369558363227011e-01
1.080270469716721055e-01
1.027216452249839623e-01
1.331139889990722025e-01
1.244330563724230093e-01
2.523148964263389193e-01
3.734994646689005493e-01
2.059908913889317572e-01
1.984113255404918175e-01
1.552995509485412817e-01
2.093666219364859749e-01
1.010017050065880329e-01
1.536174272483990522e-01
1.289624325806494332e-01
1.698342160088159025e-01
7.113908805108125344e-02
1.576211639974786638e-01
3.810929529014540629e-01
2.081000860177032730e-01
1.726864848928912899e-01
1.082571363406859832e-01
9.548919320429737068e-02
1.212244418035886978e-01
1.854940291614999293e-01
2.747988493431460233e-01
1.653246432781271535e-01
1.094743587273676461e-01
1.605611627483072290e-01
1.271873712666968803e-01
1.722086293828482828e-01
1.375231489234753357e-01
2.418267188671129608e-01
1.998985472354603832e-01
1.087531490708687765e-01
1.945131602418502803e-01
2.303868422140679662e-01
2.901304820093595360e-01
1.600971879065870851e-01
1.451349408613762382e-01
2.271716883064830994e-01
7.787894467314204761e-02
1.470895662872842569e-01
1.535011539727311747e-01
2.029850917425817247e-01
1.224970631991732367e-01
9.606993347147382845e-02
2.243357836856615661e-01
8.842541946002957509e-02
1.872783433703618938e-01
9.953280631241594179e-02
7.782479500690385466e-02
2.101760153633780714e-01
2.613757562774152721e-01
1.230568837049307168e-01
2.153614684528089573e-01
1.577387701131628683e-01
1.396196341250751649e-01
1.422194663538689230e-01
1.152059862731024259e-01
1.886979331687520245e-01
